-1.569737668245295708e+03
-1.642598386266144189e+03
-1.705853326746924040e+03
-1.583195289151927909e+03
-1.379177932816181965e+03
-1.500435423814466048e+03
-1.501588434324038190e+03
-1.629814426611759927e+03
-1.434388031006950314e+03
-1.384476531375455352e+03
-1.439413285069088715e+03
-1.576828774930980671e+03
-1.621890897702582834e+03
-1.582228557639059545e+03
-1.603294807253491854e+03
-1.646061985489064227e+03
-1.580905961843848672e+03
-1.595037668972668826e+03
-1.510775810454305883e+03
-1.601189516241524871e+03
-1.558538321034943692e+03
-1.544786963034975997e+03
-1.223862415369769906e+03
-1.624126995192133109e+03
-1.143110472053253943e+03
-1.300566408518592880e+03
-1.320314604686581561e+03
-1.474902679021340646e+03
-1.561712020320029751e+03
-1.413058254815997998e+03
-1.272141185851259934e+03
-1.451707161863769898e+03
-1.154335159906491072e+03
-1.350509074949652813e+03
-1.078273171559549837e+03
-1.340358648446779625e+03
-1.192549748134181300e+03
-1.129460151454248262e+03
-1.247873462054501942e+03
-1.126161209001086263e+03
-1.184428035071694239e+03
-1.164717333959812322e+03
-1.110242341644623821e+03
-1.060078151183848831e+03
-9.577186351822158485e+02
-7.828100153141144801e+02
-1.037861697676463109e+03
-1.084133619917090300e+03
-1.054372427400545575e+03
-9.401251553532902108e+02
-1.008236059074995751e+03
-6.583758172289501545e+02
-8.696247302493650295e+02
-8.116876161997151939e+02
-8.159511254275982992e+02
-9.472935789598502652e+02
-9.876229919661552685e+02
-8.749651922344588684e+02
-8.243515703729143524e+02
-9.842158703978105905e+02
-1.374582499049822957e+02
-9.503040716895282003e+02
-9.525474310502505659e+02
-9.615290427145308740e+02
-8.101506717501620187e+02
-9.479708658070702540e+02
-8.008265131470370761e+02
-3.733150059467187920e-01
-9.150712066569516310e+02
-8.002962628623557748e+02
-9.147317130966752075e+02
-9.278847676583318389e+02
-8.014823872115765653e+02
-5.262806225777883355e+02
-4.300607696059674936e+02
-1.340872809336981391e+03
-1.515526648688193973e+03
-7.917982219863472437e+02
-5.393179768796499047e+02
-7.109137343376672789e+02
-4.430051436495372741e+02
-3.968553570510082409e+02
-7.752233357917277772e+02
-5.282466350297333975e+02
-6.791417189324638457e+02
-6.709143207214353879e+02
-8.189644523362006794e+02
-6.675871852974656804e+02
-8.745241538297356101e+02
-5.391965188007652614e+02
-6.698616410723896024e+02
-5.363841187126163277e+02
-6.734902063322507502e+02
-6.838177079258799722e+02
-6.617062765961852620e+02
-5.239118745399697445e+02
-6.449078630940184667e+02
-6.561074808796356592e+02
-6.460435261582910016e+02
-5.013930649915724871e+02
-1.344785028952718164e+02
-1.102766666283382158e+00
-5.132887707112992359e+00
-2.481451524412300955e+02
-2.422026088600394189e+02
-2.690919194537130466e+02
-1.349716673215403375e+02
-1.326473665305007614e+02
-2.636525373695568533e+02
-1.391921229837977023e+02
-1.248297263830672250e+02
-3.892778275460448754e+02
-2.505371572198587558e+02
-2.823765900078838431e+00
-2.533667176450055933e+02
-2.327687358353609568e+02
-2.462737714868342032e+00
-1.334457798218037965e+02
-1.290552620254180169e+02
-4.187001241186996126e-01
-2.470131215230570945e+02
-1.286694339615727074e+02
-1.319557572037828379e+02
-1.238507128225820253e+02
-1.308404563128756593e+02
-3.628428516350102768e+02
-1.334734088365467528e+02
-1.305789255221355916e+02
-2.522199339097998632e+02
-2.398002538230518610e+02
-7.934238823870721262e+02
-1.305531360768793832e+02
-2.608787712912575216e+02
-2.624530580265487743e+02
-1.310759521641398067e+02
-1.237538802823590487e+02
-1.331039773963076129e+02
-1.126975638901351218e+00
-1.346214872055047920e+02
-1.317117000971693130e+02
-1.269218660980107671e+02
-1.294623835123969400e+02
-1.273240105449608990e+02
-2.343211788692395547e+00
-2.583673480359106520e+02
-1.570527035800669102e+00
-1.328402423929749148e+02
-1.311949051017971328e+02
-2.559896663812086501e+02
-1.267571299265926541e+02
-1.305298379789817318e+02
-3.775535778338548880e+02
-1.323245062004660895e+02
-1.322403516639574548e+02
-3.276603516410480097e+02
-1.259565869066240396e+02
-2.513486278748852953e+02
-4.973884451189722995e+02
-2.662675028888169209e+02
-2.455531242911257834e+02
-1.238519964112408474e+02
-1.308712233247982795e+02
-1.332885197433938185e+00
-2.509087946706106038e+02
-3.747361103244477931e+02
-2.685352129789092714e+02
-2.136245944633138993e+00
-2.625702409958680050e+02
-1.338071388580290488e+02
-1.084392130376607383e+03
-1.326806342156592393e+02
-3.068485591967309460e+02
-1.328290338274383942e+02
-4.681288241702626252e+00
-2.447352689655478173e+02
-1.325110822244404858e+02
-1.311964475742631748e+02
-1.315000680375625564e+02
-1.307656480035644790e+02
-3.552526316037130414e+02
-2.434834558255052173e+02
-1.304153416962188885e+02
-2.413176847656903021e+02
-1.322196866591733055e+02
-1.330503302353782260e+02
-1.301884938753578638e+02
-3.648069625104307079e+02
-1.312361474324705739e+02
-3.188155033399930005e+00
-2.462957802512429168e+02
-1.349311283713438741e+02
-1.311418959534827309e+02
-7.340117138317329371e+00
-1.303571432095462228e+02
-1.260918174472505342e+02
-1.295183133060587295e+02
-2.397203581807015951e+02
-2.420323568240798409e+02
-1.142815791533033254e+00
-1.202117997196850041e+02
-1.582496779872630377e+00
-1.160217587609300161e+00
-1.320406096837866983e+02
-1.297685439561373073e+02
-1.304668313673638522e+02
-2.395333970808308095e+02
-1.310000310695676546e+02
-1.317381785714260900e+02
-1.200490026097444627e+02
-1.309974678724819341e+02
-3.814133642460487863e+02
-1.265544899484689845e+00
-1.293093643992485511e+02
-2.628543012713707299e+02
-2.511680323421056755e+02
-1.302122656642159200e+02
-1.329639106055293496e+02
-1.685405620783263281e+00
-1.287682309745963209e+02
-2.610419365993521978e+02
-2.578411396211766942e+02
-2.637309720449670749e+02
-1.273605293346532363e+02
-1.299741455416832423e+02
-2.425619027262124519e+02
-1.244995994305106848e+02
-1.329798018332388381e+02
-2.956754101811809505e+02
-1.241352886824632833e+02
-2.470714731465814964e+02
-2.834287598654020712e+02
-2.582684739338716895e+02
-1.190420362547228050e+00
-1.298058019568868531e+02
-1.318815559947102543e+02
-1.305714594279330925e+02
-1.317698567853041425e+02
-4.208948216567427458e+00
-3.358104433979336250e+02
-2.557730074187588514e+02
-3.875774948891647114e+02
-1.338368838718556617e+02
-3.583236313806875160e+02
-2.446351861659775579e+02
-1.327421900544140669e+02
-1.246789745703969601e+02
-1.354748723037687625e+02
-1.331685797176626522e+02
-1.290685087689884938e+02
-5.293694466336444293e+02
