-1.299006963347454302e+03
-1.645053804965259587e+03
-1.780814189818652267e+03
-1.400936328721287509e+03
-1.500665164569593571e+03
-1.214728022183754547e+03
-1.053267652004275078e+03
-1.153412442832359602e+03
-1.411448978665057666e+03
-1.513958140296558895e+03
-1.586857922249539342e+03
-1.416659706365939201e+03
-1.363571921821381466e+03
-1.138464645234342242e+03
-1.098360259477938826e+03
-1.028286553016248718e+03
-9.365246208693628205e+02
-7.407030843290939401e+02
-1.050177734768192977e+03
-1.181581942694326244e+03
-1.092721107886283562e+03
-9.613567652358420901e+02
-1.112814329990527312e+03
-9.226808192784020548e+02
-1.016269755214945803e+03
-9.731766972687271391e+02
-8.813025726009612981e+02
-9.018254157478527304e+02
-8.858658780302945388e+02
-8.908234196932696705e+02
-6.418167559683085983e+02
-5.251772930658391942e+02
-3.946080105582169608e+02
-1.197846345717239728e+03
-7.865594812976097501e+02
-2.214543316754041768e+02
-2.407520132624537723e+02
-2.575584494051581146e+02
-2.577857790119272181e+02
-2.834704582236573955e+00
-6.309157107734143892e+02
-4.684642321774584843e+02
-3.907687307519875617e+02
-3.670819722320470646e+02
-4.822891335443580942e+02
-2.531475079502686185e+02
-7.518164702838265612e+02
-1.261386345625621601e+02
-1.199086015391164324e+02
-1.276019082360524237e+02
-3.595068263305012124e+02
-2.499892358965624624e+02
-1.198348063712178089e+02
-3.610882682282148721e+02
-3.688782257705781831e+02
-5.019650866056817335e+02
-3.824565879651412956e+02
-2.521786999996958514e+02
-1.235627064915530298e+02
-3.550182420981895461e+02
-1.214166037406443195e+02
-2.474182388606368477e+02
-2.452870055931914237e+02
-1.166342285657600968e+02
-1.211656037374314963e+02
-1.620298782234910862e+00
-1.175207420139948278e+00
-1.267864093429276551e+02
-5.062725528967004607e+02
-6.346178502749640984e+02
-2.467844360758119535e+02
-2.431047776404593606e+02
-1.249821511922150705e+02
-4.894681444180035328e+02
-4.620538023857856160e+02
-4.888646681053359089e+02
-1.275826998270781445e+02
-2.454818300625664449e+02
-3.742976293748300236e+02
-1.245111337731146790e+02
-2.458299090430873264e+02
-2.470376508911754740e+02
-1.218010431044963013e+02
-1.250417771828177251e+02
-2.245483290042598057e+00
-2.422468230105127134e+02
-4.717493684789689041e+02
-3.938967754096270255e+02
-1.292543131945819823e+02
-2.403809090516419644e+02
-1.267195461232632283e+02
-3.550409897509683219e+02
-3.566224132280127606e+02
-1.208124740709741758e+02
-1.242310585340266726e+02
-2.411003431917788191e+02
-1.216693500264086367e+02
-1.231670547995905878e+02
-2.556241062060429670e+02
-1.197483961562932393e+02
-1.274367948270880078e+02
-3.647531055589371931e+02
-2.373092702465459922e+02
-1.272214354597498698e+02
-1.262699140154496718e+02
-4.325853922541322731e+02
-3.774368553498212009e+02
-4.921485531221240421e+02
-3.803441043994336610e+02
-1.276045868715039830e+02
-3.610118926517319551e+02
-1.243271988423915388e+02
-3.816021727497702045e+02
-1.268581371745953703e+02
-1.281422333916483751e+02
-1.679287089353722395e+00
-3.333146740393851815e+02
-3.096926978851715528e+00
-2.472745720018641009e+02
-1.216759663225693231e+02
-1.242990999605606532e+02
-2.524227058560099692e+02
-2.455998085197043110e+02
-2.467933211378646945e+02
-4.002882735044584592e+02
-2.457214996483357083e+02
-3.647614837772875376e+02
-3.638841181811596925e+02
-4.864658345945339875e+02
-3.762782131337482383e+02
-3.734681037427497472e+02
-3.769657915362898279e+02
-3.570063986282633994e+00
-1.284643071885639358e+02
-2.326838537702349186e+02
-1.243780796705018474e+02
-1.274027105916576801e+02
-2.489181158058459289e+02
-2.399264877399993452e+02
-3.476994043473018792e+02
-4.387429926004613456e+00
-2.444191493223364091e+02
-4.817161291061312340e+02
-1.238878919592515189e+02
-1.200074013093460792e+02
-3.358097131315023187e+00
-1.279163152470575540e+02
-1.292589758093987484e+02
-1.786263630971414162e+00
-3.654664798982805678e+02
-1.103140457862573840e+03
-1.361630125406238221e+03
-1.338077927514301848e+02
-1.578281208535829137e+03
-1.275225074546839608e+02
-1.600980972142618475e+00
-5.099456759721054482e+02
-3.845571981265606496e+02
-6.205341918134952266e+02
-1.303690815880835032e+02
-3.803093510721015491e+02
-1.268386227701388123e+02
-2.620703670612805354e+02
-1.311277849137335920e+02
-3.929753251443668205e+02
-1.289801700665778128e+02
-1.304542843912035437e+02
-4.610931025055280088e+02
-1.292419641706053994e+02
-1.930678480994605595e+00
-2.611325671821978744e+02
-5.393970468791719668e+02
-3.795428414966298760e+02
-6.659400575246470453e+02
-1.296218424469037700e+02
-2.719167857641760406e+02
-1.218440184169422622e+02
-3.769734464237473048e+02
-9.140108783963315773e+02
-1.216450548772610176e+02
-3.925521383990408708e+02
-5.084855506568646888e+02
-3.967433994819494956e+02
-6.130625471205871690e+02
-1.276247282380672203e+02
-6.238546584663196199e+02
-2.576116862735030963e+02
-8.278479029330098911e+02
-1.296524720482757971e+02
-3.806581988219757591e+02
-3.295235603225753263e+00
-2.592123779446262120e+02
-1.244157204277520492e+02
-3.312739045049084119e+00
-1.367692174677085006e+02
-2.597037111485815899e+02
-3.753500437694195853e+02
-3.765633142572801262e+02
-3.855738105717422854e+02
-6.407913925837652869e+02
-5.186406970533100775e+02
-3.969745215298634093e+02
-6.355632686468511565e+02
-7.594628902975599658e+02
-6.464728418163957713e+02
-6.813464046794201749e+02
-6.735071061444273255e+02
-6.184510342956004934e+02
-7.984832364881826834e+02
-7.496553111736823212e+02
-7.708336555217848627e+02
-1.039040981705200011e+03
-1.037965826245425433e+03
-5.529294812390970719e+02
-1.019208484611935774e+03
-1.030937350562266602e+03
-7.555746455970482884e+02
-6.336563600943361507e+02
-6.450660735428444923e+02
-7.590413218722042075e+02
-6.177634045952891029e+02
-2.623969904604444423e+02
-3.882983310962663950e+02
-2.316326820369610573e+02
-6.933219670709468652e+00
-1.683675356160462115e+02
-4.977802346407647178e+02
-8.708190699061506166e+02
-6.274178406550220188e+02
-1.049890997586046979e+03
-1.131115220929384805e+03
-9.717530885756639236e+02
-1.097491796691773743e+03
-7.452229971047541994e+02
-8.846776029976128939e+02
-8.553489816738745048e+02
-8.291477288200555904e+02
-7.752899415140290102e+02
-3.764178522603706938e+02
-1.278457443671532161e+02
-6.141338432293632188e+00
-1.308091605812262230e+02
-4.892254151097894237e+02
-3.732550695664963882e+02
-4.963174855153104659e+02
-8.738651304227724950e+02
-6.056316164950409302e+02
-1.190898446037709277e+02
-1.152597528157826900e+02
-1.009639548720876974e+03
